image_width: 1280
image_height: 1024
camera_name: narrow_stereo
camera_matrix:
  rows: 3
  cols: 3
  data: [2677.117911, 0.000000, 937.740481, 0.000000, 2638.726872, 455.023139, 0.000000, 0.000000, 1.000000]
distortion_model: plumb_bob
distortion_coefficients:
  rows: 1
  cols: 5
  data: [-0.011276, -0.002467, -0.004967, 0.033951, 0.000000]
rectification_matrix:
  rows: 3
  cols: 3
  data: [1.000000, 0.000000, 0.000000, 0.000000, 1.000000, 0.000000, 0.000000, 0.000000, 1.000000]
projection_matrix:
  rows: 3
  cols: 4
  data: [2615.817139, 0.000000, 952.909396, 0.000000, 0.000000, 2657.769043, 453.327589, 0.000000, 0.000000, 0.000000, 1.000000, 0.000000]
