# oST version 5.0 parameters


[image]

width
1280

height
1024

[narrow_stereo]

camera matrix
2677.117911 0.000000 937.740481
0.000000 2638.726872 455.023139
0.000000 0.000000 1.000000

distortion
-0.011276 -0.002467 -0.004967 0.033951 0.000000

rectification
1.000000 0.000000 0.000000
0.000000 1.000000 0.000000
0.000000 0.000000 1.000000

projection
2615.817139 0.000000 952.909396 0.000000
0.000000 2657.769043 453.327589 0.000000
0.000000 0.000000 1.000000 0.000000

